003088
000881
001744
003006
000148
006296
007204
005032
002000
006964
000401
000488
004901
006602
003048
000240
006152
006795
005066
006488
006577
004691
002304
006748
000836
002709
000328
004302
003899
003645
000483
000370
001333
002388
004485
002649
005215
006139
001525
005318
006905
000589
007041
005448
005615
007364
006815
006425
006363
003616
006820
002861
002439
005308
006185
004027
001138
005181
002884
003198
007236
004539
006222
006916
006485
001259
003697
004231
006581
006966
007123
002553
001696
001959
000471
000696
007015
005369
002822
006277
006988
002870
002113
004384
005041
003190
007226
005889
000958
001498
001279
000617
001827
002647
001419
004426
001400
007425
007045
001884
006689
003662
006780
001013
006605
006011
007095
005567
006331
003109
005003
003505
000326
003920
000455
002179
001635
003730
002356
004879
000386
002182
004070
006440
005204
002041
003563
003206
005963
004158
005445
001475
007034
000789
000025
001624
007421
001049
001629
004717
002413
006264
000633
000547
004394
006604
006863
004914
001710
000108
005579
001609
003310
001445
001989
000508
005737
005209
001304
006664
002997
006311
004253
003567
003712
004628
003719
003585
005551
006022
002085
005144
000010
002194
004688
003838
000874
002449
004311
002989
007122
003297
000282
004188
004549
007429
002225
000440
005958
000844
006573
000658
007160
003438
001112
004647
001678
001249
000604
006864
002028
005507
005196
006982
003739
005212
000957
002190
005826
002431
002116
000123
007115
003330
000990
004575
000162
005008
005823
000286
001486
006923
005696
000686
007121
003332
004402
004684
005251
001247
000233
006927
001892
007102
002044
000228
000085
006034
000249
000553
004802
000757
006569
006560
003207
000494
001298
004811
007159
003407
005634
000598
001379
003726
001617
004761
007282
001557
002848
001428
005155
001803
003690
001092
006883
007174
000985
002643
006204
000069
005245
004442
004800
004480
001563
000842
004496
003657
000975
004856
007460
005626
006424
007222
000744
000989
001054
002153
001956
004623
007302
003540
007447
000782
002264
007344
006620
004381
003539
006358
004141
005376
000872
003080
001289
006766
005667
004051
002754
005244
002689
003705
004366
005099
004602
001531
006095
005290
002456
006048
001380
006793
005133
005866
004830
005647
001936
003357
006554
000568
003639
000893
003687
002405
002137
004136
002940
005418
006382
005097
002905
003938
001052
001958
007151
004411
006939
000732
006294
001202
006414
004900
004725
000224
000896
001057
002308
000059
004552
005660
000638
005926
001114
006310
000917
002788
004948
003395
005948
002334
002026
000843
006510
001299
006344
002469
002697
000022
007228
007213
003632
002771
002292
001109
001235
005752
000154
001861
002725
006557
004268
005714
007451
001357
000522
001025
006506
005760
001236
001703
002079
006753
006660
006848
001398
003746
002089
006015
004043
006890
006532
004729
000999
004145
002376
005870
003018
005998
004896
004978
007373
005485
004742
003360
006599
005764
000308
003970
005203
006438
000609
006323
006169
006707
005227
006415
001875
003079
005009
001444
005512
005229
004299
000337
001043
002713
002443
002548
003692
001655
000395
001509
000704
002673
005449
004865
003598
006558
006270
001622
003140
006174
007167
004012
005802
005234
000283
007433
006430
003982
006854
000054
002711
002333
007468
005444
002288
001277
004813
006990
001664
004868
000182
004386
000450
002784
005892
003497
000517
000552
007437
006445
004164
004139
004663
000621
002765
006467
002881
006808
007020
005479
007340
005033
000294
002337
004669
002307
006251
001610
002507
000651
001977
003402
001979
004159
002141
003508
005027
006870
006914
001857
006590
005428
005597
000995
003827
006729
000239
006299
000174
000274
005612
006091
004339
002814
006380
001869
004370
005699
007083
005249
003544
004391
006136
001149
000979
002295
000372
006085
001594
005540
002172
007013
007355
002570
003010
002181
001069
007048
005483
006972
007190
002825
000862
006754
002069
004152
004722
007000
006799
006570
000588
004784
005761
007448
002618
006511
003270
006671
002524
001285
004245
006253
002135
001266
002591
003361
004877
003097
003851
004889
004134
007177
003601
004448
004698
005852
002212
002994
000816
004988
002060
000444
001063
000878
001802
003566
007110
006572
004077
003586
003796
005073
001496
003325
007305
006578
006198
004885
004592
002636
003550
004288
004867
004635
001397
001268
005530
000965
006580
002379
003898
004909
000431
005397
000747
000072
004535
007318
002835
005154
003593
004564
006911
006734
004719
006029
001482
002983
005109
002865
002682
006850
004662
001373
004007
003744
006611
003804
006822
001065
004505
004981
004836
001119
005301
000393
002090
000113
001321
006240
003877
004075
004699
005142
006958
003158
001743
006049
004491
000903
003243
005734
003147
002108
003785
001812
000202
000575
001639
005127
005967
000901
006484
006183
001911
006575
005284
003244
003429
006079
001553
005472
007105
006733
007141
003702
004417
000404
004657
005877
004651
005159
007101
003783
000884
002136
000653
002685
003745
006083
002325
001575
005060
001541
002280
001130
001982
000435
007114
006384
000220
005023
006839
000558
003839
004574
004249
007172
004221
005476
000260
005652
004291
004047
005922
000256
000332
003596
002463
007375
007018
001161
005382
000792
004822
005789
004343
001633
001076
004957
006320
001184
006487
000582
002616
000528
002004
004218
006348
005594
002360
001431
000698
002880
002180
000076
001933
004122
000027
006985
001032
006206
000524
001490
004996
002720
001017
002197
002336
004287
003682
002964
006579
003971
006004
002305
003504
003164
002442
003377
005545
000267
004810
003170
003846
007471
006749
001879
004458
004011
003116
002127
006318
006998
005421
004138
002603
006259
006961
001536
005526
005269
004125
006759
004029
003842
000055
000680
001559
001951
000599
002247
003638
001983
003308
006884
001267
003193
007295
002645
003461
001132
000242
000305
001075
002207
001123
002178
005330
005931
004603
007304
006742
001737
001897
002996
004548
001882
005736
006246
000213
000257
000118
004086
005061
003939
005937
002858
000291
001459
003201
001206
005786
005051
002040
004903
006817
001565
007424
002516
005256
001688
006724
006170
001781
001307
002106
003769
005293
006545
003177
004144
006672
005042
006254
002561
003708
000433
006956
007306
002475
000487
003197
006644
005983
001195
002464
005906
007441
005876
006697
001870
006740
003782
000214
000132
000935
002168
003329
003145
003196
000298
001851
004008
001871
004892
007310
006692
002626
005971
003493
003398
004728
005668
001263
004538
006720
003314
001791
002832
005120
006918
003981
000088
005351
003313
005619
002145
006080
000048
006540
005103
005750
003133
005281
004031
001386
001777
007060
004622
005490
005824
005226
003466
006413
004732
002389
001794
006827
006693
003608
007138
005394
003364
003853
002920
001683
002118
004841
007370
002663
003062
007030
000674
000086
006241
004083
000737
002572
007422
007478
003413
005231
004100
005871
002083
000777
000279
005670
000416
000520
005813
006213
002399
004845
006001
001963
000084
007352
001638
002035
007064
006212
002976
005359
006120
003431
000178
000781
006700
002691
005704
001920
003064
001645
005481
000230
007452
005111
000791
000131
002486
000813
006383
002672
002710
002864
005838
006524
004439
006826
004206
005728
005006
001973
003485
006902
006665
005580
002967
005781
002953
006239
005004
007096
000801
006292
005874
003254
005574
005381
002421
000997
001922
000478
000727
004014
000408
005436
004357
002348
003931
006800
002201
006687
000421
004009
006549
003468
002735
006717
000299
006785
004373
004204
001749
003554
003093
000468
007239
007211
000697
003137
002315
001331
006898
006802
001766
001394
005837
002779
003623
002094
001595
002630
003972
004962
000218
004670
001173
001371
001829
007186
001981
000734
006100
002391
003115
007258
003506
001734
000263
000649
005391
001336
002030
002644
007454
001561
002159
003604
001156
007323
000982
003758
003441
004263
003826
001089
005882
002998
005747
002758
004004
006949
001359
004632
003754
004692
004656
002999
005365
000126
000161
002330
004779
000046
002423
001008
000819
004171
003326
000493
004416
000309
003149
002641
001699
004048
006057
005168
006679
001278
001582
003700
002361
006052
004353
007298
005488
003069
007079
003987
005851
001708
001478
005511
001406
000970
007399
005078
004053
000981
003666
002123
003246
006409
002387
006203
005225
002198
007385
002373
001002
004682
007435
006518
007181
002300
002770
005402
001849
003874
001230
003961
002907
000620
004349
002629
003735
002149
000825
004269
003958
004407
003352
004929
006852
007453
000053
005352
001060
002460
001171
005132
004120
005529
003541
003486
002699
006396
006375
001198
002757
004570
006020
001468
005157
005384
003463
003245
007147
003282
007016
005716
001631
006033
003389
003603
005725
004279
006105
002144
004420
001050
005130
004137
004286
003372
006587
001921
005379
006055
003011
002458
002961
003455
001265
005860
005036
003176
004267
005637
003178
001303
000149
004080
003890
006821
003274
001011
002829
005056
002567
006954
005558
003762
006992
003032
002703
001423
004589
002744
003037
006775
001913
005257
000175
004321
007347
002014
007232
004951
001169
007150
003456
003073
002037
004528
002497
003752
005930
003543
003738
005633
006084
003222
002646
003760
006261
000562
006567
006783
003020
007104
006021
007312
005608
006194
005415
004629
003822
002261
006650
004500
002375
002761
001825
003850
004334
002624
004465
001462
000341
002666
005265
004489
006053
003869
001383
002109
001521
005636
001919
004687
004482
004227
005538
005675
001416
006529
000346
000012
001349
003231
003594
005136
005025
000641
002675
007259
000000
000388
004034
006828
003759
002659
004065
000441
004530
003000
002133
004745
002717
005566
002156
005423
007230
001547
006732
001147
003328
007345
003631
002719
001338
003051
006831
005285
004557
002025
004441
000406
003866
002157
000669
003930
005771
000659
007243
006410
001098
000157
003478
002515
002472
002055
000526
004703
006728
002383
005952
003322
000740
001191
003968
001577
005164
000574
002750
003597
006897
005729
006910
004323
005446
002921
006836
006677
002929
001866
004214
006012
006830
001010
002468
003423
006220
006454
003828
005662
004531
000360
004520
005954
000414
006155
003619
003414
002866
002232
002236
006350
001447
003288
003767
003453
003806
005911
003354
001329
006932
005283
004016
007418
003979
005371
001773
002039
003825
007324
003969
003729
005641
005356
005002
006306
003750
007055
001036
004400
003216
005569
003151
004991
007475
004452
001653
000783
005671
000110
006752
000327
006683
006129
004149
000443
004898
006319
003778
005039
005907
004187
004484
007082
005396
005163
002038
007221
001817
001815
005152
000571
002072
004002
000045
005984
001888
007210
002244
002606
005339
005556
003777
002277
003902
005052
002912
003772
002005
000754
001456
000410
005307
003852
000400
002853
004111
007398
001408
001389
003637
003388
003923
001786
000557
006858
004126
007146
003882
001440
002258
004251
006630
003551
003191
005532
005465
004831
000594
005585
005019
004147
006164
005112
007062
007463
003424
007183
003276
002769
002827
004281
005172
005412
004114
003630
004526
001125
005000
002185
001838
005988
005147
001571
003335
000319
004751
006143
005751
002723
001472
006200
001514
000973
003138
004648
004678
001580
001789
007417
003711
004308
001273
007368
004499
001387
003480
002707
004468
000960
006078
002609
004833
000115
006871
002027
001865
001732
007281
005375
003306
005613
005951
006304
005090
000164
003780
004307
001650
003989
003230
001745
002436
007188
001241
000949
006623
002420
005252
006389
001175
004860
000532
005880
002166
004312
004890
000838
003978
004805
001086
004509
005380
005459
003153
006159
005981
004184
004949
002092
007076
001432
003065
000739
001862
005960
002393
006107
007247
000023
007220
003492
006597
005125
003210
003120
002741
007300
006245
000269
001806
002313
004801
007376
004990
005460
003013
005846
006649
003214
002062
003195
000712
006682
001284
002580
005932
002978
002129
003359
005903
001066
004037
000953
005928
003935
006087
002268
002505
002286
000335
003397
001121
001544
002916
006279
001960
004464
004406
002287
005564
005015
006499
000391
000916
006688
006275
005655
000846
000585
003924
006812
005170
000014
003382
006280
000382
001741
003345
006342
000208
002830
002557
004399
007439
003211
000389
004553
002104
001779
001698
004844
004694
003082
006906
003873
006719
003613
006456
005230
003602
006250
002188
007289
003913
006196
003766
005116
005666
007411
000365
005746
005300
003004
006979
001451
006359
004295
000885
005601
001992
002768
005776
007308
002670
006497
000536
004372
004965
004117
002510
004375
002857
002792
004847
001347
000083
006773
006723
007362
001088
004846
001821
005345
005938
005663
004322
000539
005697
006640
005177
007143
002111
001719
003606
001510
003248
001974
006776
006521
001836
006868
002107
007238
000373
000629
001343
000702
003143
006555
006853
002503
006070
003349
002764
002068
000898
002012
005942
004588
003528
005810
005286
003256
005235
001290
000166
000840
001641
005858
004429
002453
001646
005651
001454
005528
004835
006750
001190
004706
001642
001316
001742
007307
003966
006809
002204
000475
002017
000476
003535
000555
007148
000121
007322
000315
005743
003490
004649
001552
005691
007386
000615
001852
002390
002928
003945
000206
001438
001583
000030
004177
003021
006252
004199
002365
001295
007315
006221
003644
000961
001280
003472
004743
001078
002808
006991
005872
006945
005325
000600
004650
001228
003779
005722
005470
002482
006158
000646
005383
002070
000915
006026
002834
003618
004940
005687
004462
001783
004643
006867
002756
004585
004105
002748
004216
007461
003703
004335
004617
004744
005344
005980
003374
002414
000261
000496
005559
004655
002513
005897
003781
000144
003847
002701
002789
006050
004224
005949
004619
007244
004912
005544
003610
005718
002494
001591
005910
003315
002466
002917
006324
000930
003182
002022
003241
002560
005114
006073
006919
005923
001037
003595
001787
001569
001680
000264
002694
002063
005600
000479
006684
003217
003974
006482
005686
002078
005185
006845
000486
006327
006646
001910
005310
005957
002353
007165
000348
005557
000350
001927
006896
005354
005933
002132
000140
004511
002642
005440
002406
005578
002721
000595
002598
003516
000518
003675
002446
006931
000642
002410
001276
001894
002274
001134
001232
005492
001652
007246
001038
003609
006268
003444
006328
000530
000262
004562
000091
007061
003467
001824
001669
007470
005287
004718
007466
005456
001453
005016
000058
001457
001649
002722
002002
006980
004072
003579
001673
006515
007017
000101
002477
002648
005607
001545
001908
000111
006556
000955
004472
006392
005314
002426
004778
006566
004382
004052
000146
006064
007198
001668
003695
004855
000385
002076
000726
003693
004590
007057
005005
001841
005766
001760
004618
002445
007384
004573
001567
001508
002187
003600
007285
004808
000189
000211
002984
006131
003652
000786
007469
004895
002080
002660
006941
000660
002427
006975
005334
004578
002974
001286
002888
007128
006527
000540
002706
004050
003763
004329
003188
005953
004904
000066
000672
004330
002894
004746
005346
006517
000396
005765
000491
005611
000347
001661
003184
004446
003509
007276
000302
000817
005732
004849
005959
000548
000292
005654
007032
002384
005309
005815
001019
005129
003148
003119
004163
007078
006838
006215
006513
005403
004434
000631
002345
005795
005804
005276
006657
004469
002712
001477
001368
002281
002787
007067
001995
006411
000745
006448
001155
002267
001574
002248
002312
005916
006360
001813
006416
006977
000720
000670
004774
006041
007196
005721
002543
000784
000681
005254
005236
004546
006553
001350
006361
003264
003098
000265
002501
006154
004463
000771
002941
002817
005801
001330
000225
007413
000827
005128
007264
002448
000691
001072
003784
001768
004424
005313
002015
001061
005924
001738
004379
005707
003311
001244
005778
005934
005894
006378
005614
004244
005680
005628
004667
006993
003790
003556
002455
001108
006492
002939
006168
004594
004085
000627
003990
007106
004356
007142
000849
003707
006228
006364
006117
003280
005086
001313
001137
004972
005176
003078
006225
004219
006621
007012
007354
005783
003814
007313
000039
007086
007423
006628
000142
003331
002545
007248
000950
000019
004175
007374
000749
000632
005616
001542
002819
003003
002322
002369
004799
000068
006077
003581
005393
000858
004748
004818
006855
002695
001403
005525
000812
004872
000559
002046
005410
000052
000266
006771
000399
004358
006115
003301
004544
001209
004348
000247
002794
003816
003017
003350
004523
003130
002677
000741
000761
006909
005304
001771
006336
003071
002279
002655
003953
003404
004581
001700
005638
005745
001524
002592
005656
006301
003437
005543
002537
007262
001074
006768
006935
005048
007356
004102
001556
001487
005715
003341
005547
000521
001282
005420
000851
005385
002668
004252
006401
000994
000514
005271
005424
004433
002321
003574
002211
000828
006332
004886
005909
004883
005228
002938
003634
004769
003442
003258
003235
000703
007334
000864
003914
005193
001613
002278
002962
003420
002096
006040
004182
003845
007218
004689
004064
002565
003627
007205
004767
001412
003614
006714
004935
002855
005137
001902
006882
007035
002583
005627
005664
003221
005859
005867
002597
000755
005095
001515
000713
001305
005787
001146
001918
004246
007097
001832
000013
000105
003878
005620
004814
006457
005457
003067
005053
002621
003289
002602
000329
004646
003400
002781
005723
001570
003612
000207
000005
000238
002418
004437
007103
003531
006060
001926
000603
002119
005978
007309
000082
005202
006260
002074
000462
004326
005210
005463
001782
001640
001101
001551
003016
003582
001839
000087
006593
001755
001470
006475
000448
004630
001843
003679
000591
003475
005803
000998
001474
004189
003239
003469
005845
002021
004292
005936
001909
006167
006025
005970
004569
004685
006334
006865
002465
002838
000853
002576
004229
006818
005378
001912
000647
002956
004941
003774
002612
006503
001980
006861
004467
004418
006236
002558
004925
003789
005187
005749
000986
004198
001600
005404
004724
001239
001096
003156
004121
003290
005480
002589
005031
005037
006656
004956
006242
006805
001935
000412
006955
001848
000445
004046
002434
004298
003233
002266
005968
003168
005773
000830
001071
005560
002772
002350
004533
006201
003242
004613
005464
007267
006751
000426
005996
005475
006703
000490
000250
003863
004261
003889
002667
005431
004597
006314
003626
002563
005841
004518
005214
002023
005349
004713
004495
005969
000209
003884
006778
002502
001845
005991
004695
001939
001238
004707
000538
000456
006847
006987
001785
007293
003005
002120
003988
006786
006658
003165
001494
001174
000984
002402
003500
003050
005679
005367
004296
007207
001587
006423
003688
001616
006112
002564
005719
007252
005514
003253
004513
002541
003266
006002
000887
004271
006121
002599
001070
003394
002546
006607
005739
005862
006075
004087
002988
002216
000636
002128
002914
003860
007394
004870
003348
006938
004862
004918
002960
001441
002143
000227
001706
004768
000537
003286
002124
004938
006393
003952
006737
001493
002016
006173
003385
006531
005653
006653
005174
002093
000198
002650
006651
000362
003146
003383
003940
002633
007396
004475
000452
002878
005881
001152
000695
002973
003737
003892
004001
002955
002839
002335
006473
006674
007388
004793
003489
001005
001889
005184
006249
004524
001348
002309
005282
006163
007391
005919
002252
004151
000356
003477
006141
005914
004017
006989
005812
002801
005565
004099
003755
006108
005332
001868
003592
006769
006798
003083
003900
000130
000117
006520
003072
006542
003089
006157
002409
007058
001662
004160
004106
002424
001946
001994
001034
002724
006716
006019
005800
003464
006422
003053
002595
003560
006232
001619
000718
005811
007126
005798
001615
003049
005853
000831
003204
004747
001491
005315
003963
000062
001434
005291
007091
001903
007202
004615
005994
001578
002957
004798
003562
005598
002733
006874
003351
001028
002101
001031
004362
004148
005392
007074
003373
006447
006760
004815
001752
001765
003260
007130
003291
004668
004950
006312
001630
003709
005822
006295
003111
006792
006402
001987
003817
005324
000293
003279
007333
000321
001391
005338
006957
001686
001342
003451
003295
003223
000687
004273
005768
004045
000434
005639
004709
002981
002518
004079
004259
002678
005189
000296
005797
004705
001424
006501
005035
003572
001560
006678
004377
005175
007092
001021
007201
001739
007175
006819
006846
005772
006779
006030
001029
001736
000650
001555
006873
003213
002454
004067
002112
006093
001586
005246
003041
004583
004738
003430
000811
004310
006807
005973
001539
000541
001288
006530
005409
002412
005584
006046
006999
003507
001667
007268
002006
002415
001975
005519
006746
000847
004319
006431
003636
002193
004486
004483
006436
003844
000376
003250
006113
000270
001047
004455
000277
000099
006841
003519
004556
000255
000190
003187
004832
003316
002806
004880
004317
005700
006495
000685
000186
001353
005935
002704
000927
006432
001590
000606
007215
006803
000877
001405
006953
005363
006591
005496
002915
006274
000185
004176
001967
003733
004730
003163
005092
002428
001116
005469
002319
005388
002200
006648
004066
002155
002245
002521
002087
002235
003723
003943
003474
004369
007080
003757
003548
007320
006741
003647
007117
003857
000024
002930
000871
007009
004519
005494
000907
001143
003875
004333
005191
006062
001814
005267
003445
006713
007473
004185
000244
002539
001964
007036
006376
006132
002435
005323
000529
001690
001287
004457
004396
004170
001724
003894
000357
005550
002476
001448
001953
002171
005270
001351
001133
004243
004917
007107
002349
006814
002893
006522
003090
006192
006316
001684
006271
001361
005417
007193
000251
006013
004916
006066
005568
004211
000016
005200
000546
006879
001993
003590
000923
005505
000035
005045
007467
000515
001450
004062
004547
000097
007350
005131
003517
005831
006686
000057
002049
001484
002425
005294
004054
003605
005044
000090
006490
005071
004432
003731
005791
000098
002749
000656
006794
002219
002849
006668
004195
004123
001966
006284
003381
003393
004456
003186
002811
001426
003427
006408
004780
003720
000619
007024
000363
000841
004082
000415
004197
006639
002003
004352
001558
006711
003229
007120
002732
000375
007381
001318
007415
002791
002241
004675
002519
004316
000714
007199
004913
006571
000017
006559
004943
003788
006134
002840
001337
004600
002985
000276
000104
000662
002416
007363
007351
004804
005075
001129
002747
003684
002841
006248
003765
000307
000623
004479
001588
005319
000731
002099
000177
005777
000060
003376
003267
004869
006452
006390
003954
006675
001352
001079
002354
006601
003106
005708
005521
004178
000693
003559
001756
003537
007349
006840
007224
004327
003154
005162
005621
007195
005447
005503
002227
003418
005366
001310
001212
005868
005118
005390
003452
002048
000075
005536
000679
006526
002310
006978
007263
001505
006263
002095
007019
004341
001110
000344
000200
005912
006016
003277
001611
002820
006184
007407
006666
000179
003957
000689
004666
004645
006211
006877
001762
000313
007277
002780
003262
004042
004131
004477
001358
003390
000866
000049
006936
002289
003499
005820
000824
003910
005317
003417
004959
000394
003040
006825
007178
006983
000834
003583
000280
000644
004591
005347
004088
002726
002125
003533
001410
000818
000125
004819
004839
002987
006369
002008
001704
001446
005437
001283
002932
004633
005987
002398
005738
003922
002651
005603
005623
001409
001718
000835
007124
001105
002091
005272
001535
004254
006551
003160
007179
001679
005474
006576
007154
000897
006574
005486
001464
005706
001716
006341
005076
002856
001746
004502
003589
001747
001455
002900
005809
004225
000106
006528
000268
004194
006235
001528
005509
002271
002514
003538
002534
004130
004961
006400
003741
001728
001754
006464
005744
005678
003303
007112
002782
006496
001449
000900
001614
002573
005885
001949
001917
001407
002665
004550
002745
004923
002640
002934
002527
001530
001850
007189
002306
006276
000798
005524
001733
003891
000882
000004
004507
006731
000100
001317
005247
003748
005673
000051
000381
002812
002889
006994
005986
005593
000151
001140
001113
002102
005268
005219
000543
001828
000822
002154
004653
004711
002951
003278
000762
005989
007007
006343
002331
001636
004000
004714
005733
001479
002151
003132
003009
000093
000768
006823
006968
001369
002010
002562
003948
006397
003655
001384
004515
005976
001670
006598
004723
005504
003225
000560
005677
004510
006325
005695
007152
003103
002575
002803
005944
005224
001260
005701
000763
005493
001665
007136
005962
001937
001345
004409
002283
004676
003134
005401
003837
000449
001084
006940
000419
007180
003876
001847
004527
005055
006706
000070
001930
005784
001381
001264
000008
005694
006946
007442
003527
002652
001339
003421
004350
002059
002260
003022
003058
005079
004781
001788
003113
004540
001168
001051
003907
007090
004460
002590
001377
004155
003713
006627
004897
006536
005311
000729
002571
006149
006789
004954
001090
000648
006479
004606
005586
007408
005342
001251
007445
004852
006516
005604
003908
006764
004255
007337
001618
004639
006362
004421
003947
002790
005900
006981
003927
004727
007477
000340
004169
002596
005818
005726
006669
003809
003843
006933
006339
006920
007037
006282
007157
004803
004932
003001
001227
006901
004543
003976
000156
002493
006449
002457
004226
001986
000567
001375
006090
003672
000839
004173
006844
003967
007427
004992
001388
005407
002196
001382
000392
000089
001425
001360
005047
004731
006370
004888
005517
006833
002139
005690
001997
001599
000152
007184
006491
005693
003238
002715
006893
005552
003259
001895
003797
004998
006976
004987
005875
004258
000767
002891
000467
000409
006309
000775
001961
002661
001139
006175
006028
003181
003564
006804
005717
005179
001564
005466
004129
006395
004084
002474
000870
002734
007365
006784
004958
002615
007217
005400
007162
001826
006244
006791
003792
005836